
INPUT                       MY OUTPUT
===========                 ================
44494 abcd+e                4453
1929490080 a+bcdefghij      929490081
54384 abc-de                5434
51890 a+bcde                1895
1000 abc+d                  100
73651 abcd-e                7364
253574069 abcdef-ghi        25357397
82456 a+bcde                2464
2608067071 abcdefghi+j      260806708
6607026761 a-bcdefghij      660702675
16202 a+bcde                6203
708 ab-c                    62
32176 ab+cde                208
162 a-bc                    14
1111 ab+cd                  22
1125493813 abc+defghij      5493925
8105282830 abcde+fghij      163882
8343381134 abcde+fghij      164567
56892 abcd+e                5691
56190 abc+de                651
54857 a+bcde                4862
52876 ab+cde                928
6205883144 abcdefgh-ij      620588310
65218 a-bcde                6513
44989 a-bcde                4489
12345 a+bcde                2346
833955476 abcdef+ghi        834431
90602 a+bcde                611
12308 abc-de                1222
627 ab+c                    69
7923187817 a+bcdefghij      923187824
46979 abc+de                548
77525 abc+de                800
6804443570 abcdefghi-j      680444357
6189680610 abcdefghi+j      618968061
193 ab-c                    16
114 ab-c                    7
723 a+bc                    30
8324 abc-d                  828
52591 abc-de                5258

4453
929490081
5434
1895
100
7364
25357397
2464
260806708
660702675
6203
62
208
14
22
5493925
163882
164567
5691
651
4862
928
620588310
6513
4489
2346
834431
611
1222
69
923187824
548
800
680444357
618968061
16
7
30
828
5258
