64 -964 487 892 364 -203 -37 -232 724 612 -434 513 365 439 -147 825 -451 407 361 215 808 746 -883 35 -220 -224 -222 990 -917 716 -265 -255 563 246 68 218 877 210 445 -799 -117 -368 130 -61 168 284 113 -58 -374 905 -455 -329 16 -41 305 525 924 134 -951 -955 -813 -763 226 -512 604
66 -176 -177 -175 -178 -182 -177 -183 -190 -198 -207 -217 -228 -216 -203 -189 -204 -188 -205 -187 -168 -148 -127 -105 -82 -58 -83 -57 -84 -56 -27 3 34 2 -31 -65 -30 6 43 5 44 84 43 1 -42 2 -43 3 50 2 -47 3 -48 -100 -153 -99 -44 -100 -157 -99 -158 -218 -157 -95 -32 32 -33
82 -229 -228 -226 -223 -219 -224 -230 -223 -215 -206 -196 -185 -173 -160 -146 -161 -145 -162 -180 -199 -219 -240 -262 -239 -263 -288 -262 -235 -263 -292 -262 -293 -261 -228 -194 -229 -265 -228 -190 -151 -111 -152 -110 -153 -197 -152 -106 -59 -11 -60 -110 -59 -7 46 100 155 211 268 210 269 329 268 206 143 79 14 80 147 215 146 76 147 219 292 218 143 67 -10 68 147 67 -14
66 -226 77 -91 673 -81 -794 966 -162 -669 -684 38 91 948 -316 -598 395 -458 237 -234 262 -203 -560 -140 -87 -322 -829 898 486 762 629 390 753 -202 85 313 -120 622 349 541 -636 -589 -97 776 272 940 -237 -688 267 162 921 829 -75 814 -272 584 622 -771 -282 124 531 763 -816 608 6 -155 887
119 -480 -479 -477 -480 -476 -471 -465 -458 -450 -441 -431 -420 -432 -419 -433 -418 -434 -417 -435 -454 -474 -495 -517 -540 -564 -539 -565 -592 -620 -591 -561 -592 -624 -657 -623 -658 -622 -659 -621 -660 -620 -661 -619 -576 -532 -487 -441 -394 -442 -393 -343 -394 -446 -499 -553 -498 -442 -499 -441 -382 -442 -381 -443 -506 -442 -377 -443 -510 -442 -373 -303 -374 -446 -373 -299 -374 -298 -375 -297 -376 -296 -215 -133 -50 -134 -49 -135 -222 -134 -45 45 -46 46 139 45 140 44 141 43 -56 44 -57 45 -58 46 151 45 -62 46 -63 -173 -284 -396 -283 -397 -282 -398 -281 -399
131 21 22 24 27 23 28 22 29 37 46 56 45 57 70 56 41 25 8 26 7 -13 8 -14 -37 -13 12 -14 13 -15 14 44 75 43 76 110 75 111 74 36 -3 37 78 36 79 123 168 214 261 213 262 312 261 209 262 208 263 319 376 434 493 553 614 552 615 551 486 420 487 419 350 420 349 277 204 278 203 279 356 278 199 119 38 120 37 121 36 -50 -137 -225 -136 -226 -135 -227 -320 -414 -509 -605 -508 -606 -507 -607 -506 -608 -505 -401 -506 -400 -293 -185 -294 -184 -73 -185 -298 -412 -527 -643 -760 -642 -761 -641 -762 -640 -517 -641 -766 -640 -513 -641 -770 -900
136 -123 -124 -126 -123 -119 -124 -130 -137 -145 -136 -126 -115 -127 -114 -100 -85 -101 -118 -100 -119 -99 -78 -56 -33 -9 -34 -60 -87 -59 -30 0 -31 1 34 68 103 67 104 142 181 141 100 142 99 55 100 146 193 241 290 340 391 339 286 232 287 343 286 228 287 227 166 228 165 229 164 98 165 233 302 232 161 233 306 232 307 231 154 76 155 235 154 72 155 71 156 242 155 243 154 244 335 243 336 242 147 51 148 246 147 247 348 450 553 449 554 448 341 233 124 14 -97 15 128 14 129 13 130 248 129 249 128 6 -117 -241 -116 10 -117 -245 -116 -246 -377 -245 -378 -512 -647
79 -965 457 610 -698 -32 -556 620 974 834 327 366 35 383 -971 -790 196 373 809 -565 -43 -930 498 541 -784 -687 -834 -631 -88 676 -503 -656 -204 142 556 849 595 -637 -642 770 417 707 -882 -506 184 -287 -755 -778 -107 -707 487 633 -512 747 378 867 687 42 -920 646 872 -267 263 539 -344 -552 764 -476 -639 246 -286 540 19 -101 -211 4 -602 940 -818 -693
99 819 -543 -712 -67 -418 -146 -963 303 725 -651 -430 835 78 720 862 243 562 -130 507 -810 606 -151 -154 -997 -612 -118 -2 -731 143 617 464 264 381 -327 -793 -674 888 846 -281 -60 -95 621 872 -233 -601 -179 -461 827 -668 -194 -547 379 0 -337 -923 876 -616 671 -476 -813 -689 230 208 -606 515 -771 614 -769 -254 -792 324 -656 655 -321 692 307 606 354 -748 811 434 743 617 -960 -404 -73 431 487 1 -152 -88 -565 671 -747 -64 -913 786 430 -870
22 752 428 -919 920 654 835 141 242 -164 231 -703 -625 527 -847 65 303 670 67 561 788 172 -112
102 -380 -379 -377 -374 -370 -375 -381 -388 -380 -389 -399 -410 -398 -385 -371 -356 -340 -357 -375 -394 -374 -395 -417 -440 -416 -441 -415 -442 -470 -499 -469 -500 -532 -499 -533 -498 -462 -499 -461 -422 -382 -341 -383 -426 -382 -427 -473 -520 -472 -423 -373 -322 -374 -427 -481 -536 -592 -649 -591 -532 -472 -411 -473 -536 -600 -535 -469 -402 -470 -539 -609 -680 -608 -535 -609 -684 -608 -531 -609 -530 -610 -691 -609 -526 -442 -527 -441 -528 -440 -351 -441 -350 -442 -349 -443 -538 -634 -537 -439 -538 -438 -337
109 -984 -129 699 0 -394 -766 826 -922 610 -27 -449 -781 106 -57 -599 438 939 769 -706 527 304 -160 -749 -702 881 751 -883 -406 736 523 -898 -786 -855 -33 -919 573 -325 -481 32 670 -941 444 475 -263 264 369 -204 -494 -985 377 -573 -322 994 381 172 -881 -425 -328 -812 -567 -164 -460 -844 61 533 695 -919 -557 43 -924 568 350 -846 749 -731 375 -36 614 -244 454 62 643 667 971 -914 -98 997 -415 -132 -553 -904 912 -297 -364 -521 88 -346 374 -123 651 -200 -63 693 -629 -237 59 145 443 -75
104 543 673 259 53 -4 398 -149 -825 -977 -227 234 -695 -809 -267 -692 -25 -454 995 823 -415 680 -660 104 230 -720 -804 -367 954 -895 767 662 -385 -515 -879 -489 733 -717 585 -256 619 -834 -102 721 -32 414 -589 298 97 248 -398 63 -332 536 662 932 -958 -883 -872 209 -797 762 -679 326 -609 -474 671 157 406 -945 -547 291 127 -556 29 181 708 -603 238 370 875 -270 -190 -323 298 860 923 -600 -198 -644 828 912 -218 -44 511 -376 -469 -94 -816 407 162 438 -149 -478 -347
6 239 240 238 235 239 234
118 -67 613 984 -48 -314 -671 -139 552 989 722 36 83 -586 -648 608 533 -733 -723 405 913 847 -594 -678 -774 -96 -399 -486 121 103 -91 790 61 -663 146 316 991 529 -847 -411 885 -918 -752 210 276 -340 194 -804 -432 -22 -288 -48 293 988 -105 -584 -303 509 -152 -660 455 -612 611 270 498 273 723 861 42 -392 -148 276 -82 -400 832 405 -31 712 949 -631 477 51 -6 690 -939 -469 -114 887 -462 110 -149 -423 657 631 88 -16 -627 581 -243 -803 -152 5 -547 51 -414 560 -667 -551 499 581 -993 692 653 481 -490 -678 -710 237 -39
48 -410 466 648 -120 -646 563 45 -207 -298 -789 661 -399 -51 518 -638 114 982 -311 -771 958 857 47 -325 -753 615 -644 -643 241 180 557 840 -486 264 664 -970 -536 209 724 -984 474 838 157 10 -36 -671 301 189 842
137 -876 188 -26 -743 996 636 857 -407 -258 753 -439 64 -470 -852 316 820 615 222 196 -662 -885 -994 579 -45 -775 -657 -327 710 -595 -382 -13 299 -574 -366 -222 -390 -344 981 -934 52 -88 -475 -616 496 115 -723 -131 556 -273 -874 -818 -177 -567 -834 951 870 -629 -452 -345 -341 -738 -559 445 -148 153 -867 390 -613 -615 -132 -959 -661 -214 -618 552 774 -873 -333 675 -96 -407 380 560 -866 -923 145 -761 -13 579 -984 -485 844 776 914 -804 865 -749 -995 -245 172 -353 -399 306 -960 -620 737 575 -129 550 194 -627 -240 -628 -786 -244 695 742 -126 989 537 417 824 11 40 410 552 837 -911 944 181 -85 888 745 -997 -3 725 -436
141 -254 -253 -251 -254 -258 -253 -247 -254 -246 -237 -247 -258 -246 -233 -219 -204 -220 -203 -221 -240 -220 -241 -219 -242 -218 -243 -217 -244 -216 -245 -275 -306 -274 -307 -273 -308 -272 -235 -273 -312 -272 -231 -189 -146 -102 -57 -11 -58 -10 -59 -109 -58 -110 -57 -3 -58 -114 -57 1 -58 2 63 125 188 252 187 253 320 388 319 389 460 388 315 241 166 242 165 243 164 84 165 83 0 84 169 255 342 254 165 255 164 256 349 255 350 254 157 255 156 56 157 55 -48 56 -49 57 164 56 165 275 164 276 163 277 162 46 163 45 164 44 165 43 166 42 167 41 168 40 169 299 430 562 695 561 426 562 425 287 426 286
23 -269 -268 -270 -267 -263 -268 -262 -269 -277 -268 -278 -289 -301 -288 -274 -259 -275 -292 -274 -255 -275 -296 -274
7 39 38 36 33 29 24 30
9 8 9 7 10 6 13 17 24 32
3 7 7 8
115 191 190 188 185 181 186 192 199 207 198 188 177 165 152 138 153 169 186 204 185 165 186 164 141 165 190 164 191 219 190 160 191 223 256 222 257 293 256 218 257 217 176 134 91 47 2 48 95 143 192 242 293 345 398 452 507 451 508 450 509 569 630 568 631 567 632 698 765 697 628 698 627 699 772 698 773 849 772 694 615 695 614 532 449 365 450 536 449 537 448 538 447 355 262 168 73 -23 -120 -218 -119 -19 -120 -222 -325 -429 -534 -640 -533 -641 -532 -422 -533 -645 -532 -646
77 -152 -153 -151 -148 -144 -149 -155 -162 -154 -163 -173 -184 -196 -183 -169 -184 -200 -217 -199 -218 -198 -177 -199 -222 -246 -271 -245 -272 -300 -271 -301 -332 -300 -267 -301 -336 -372 -335 -297 -258 -298 -339 -297 -254 -210 -165 -211 -164 -212 -163 -113 -62 -10 -63 -9 -64 -8 49 -9 -68 -128 -67 -129 -192 -256 -191 -125 -58 -126 -195 -125 -196 -124 -51 23 -52 24
9 8 9 7 10 6 12 17 24 38
112 33 32 34 31 35 40 46 53 61 70 60 71 59 72 86 71 55 72 54 35 15 -6 -28 -5 -29 -4 22 49 77 106 76 45 13 -20 -54 -89 -53 -90 -52 -91 -51 -10 32 75 119 164 210 257 209 258 208 259 207 260 206 151 207 150 208 267 327 266 204 141 205 270 336 269 201 270 340 269 341 268 342 267 191 114 192 271 351 432 514 597 681 596 682 769 681 770 860 769 677 770 864 769 673 576 674 773 673 774 876 979 875 980 874 767 659 768 878 767
149 -10 -9 -11 -8 -4 -9 -3 4 -4 -13 -3 -14 -26 -13 -27 -12 4 -13 -31 -12 -32 -53 -31 -54 -78 -53 -79 -52 -80 -51 -21 -52 -84 -51 -17 -52 -16 21 -17 22 62 103 145 102 146 191 237 190 142 93 143 92 144 91 145 200 144 201 259 200 260 199 261 324 260 195 261 194 262 193 263 192 120 193 267 192 268 191 269 348 268 187 269 352 268 353 439 526 438 527 437 346 438 345 251 156 252 155 253 154 254 355 457 354 250 355 249 142 34 143 253 364 476 589 475 590 474 357 475 356 236 115 -7 -130 -6 -131 -257 -130 -258 -129 -259 -128 4 137 3 -132 -268 -131 -269 -408 -268 -127 -269 -412 -268 -123 23 170 22
4 -616 60 358 -925
35 341 340 342 345 349 344 350 357 349 358 368 379 391 378 364 379 395 378 396 415 435 414 392 415 439 414 440 467 495 524 554 523 491 524 490
88 -615 646 -45 943 -373 -610 -174 -272 -144 561 -673 -953 894 916 -566 -690 -999 -729 685 377 -238 809 -904 337 693 757 -127 -446 424 -327 -336 -943 -402 -492 -820 65 -725 -698 599 42 867 -324 227 -974 -981 -179 -214 -40 -321 -739 -954 -816 -783 -859 -605 766 408 -424 -799 852 -346 582 -151 -511 -933 -157 639 -431 -642 139 -94 417 440 -790 89 315 48 1000 -956 114 623 -523 269 718 -394 -683 -619 -730
32 -563 165 -435 -801 -103 -64 220 570 579 931 -194 -421 30 379 873 371 887 -759 -353 363 -974 -665 -741 -299 -933 820 -743 150 -727 -356 -793 -211
54 637 -892 -134 420 829 566 76 634 957 -679 -661 -586 -675 -691 627 -543 219 765 -305 -824 133 464 -381 -241 336 29 733 -679 768 755 865 -162 -510 -580 455 316 -283 -347 57 -391 578 -361 98 666 729 -992 103 335 982 107 -455 334 -580 -501
127 295 294 292 289 285 290 296 289 281 290 300 289 301 314 328 343 359 342 360 341 361 382 404 427 403 428 454 427 455 484 514 545 513 480 446 481 445 408 446 407 447 488 446 489 533 488 534 581 629 580 630 579 631 578 524 469 413 356 298 357 297 236 298 361 425 360 294 361 293 224 154 225 153 80 154 229 305 228 306 227 307 226 308 225 141 226 140 53 -35 54 -36 55 -37 -130 -224 -319 -223 -320 -222 -123 -223 -324 -222 -325 -429 -324 -218 -111 -3 -112 -2 109 -3 110 224 109 225 108 226 107 -13 108 -14 109 -15 -140 -14
68 -304 -305 -303 -300 -304 -309 -303 -296 -304 -313 -323 -312 -300 -287 -301 -286 -270 -287 -269 -288 -268 -289 -311 -288 -312 -287 -313 -286 -314 -285 -255 -286 -318 -351 -385 -350 -386 -423 -385 -346 -306 -347 -389 -346 -390 -345 -299 -252 -300 -349 -399 -450 -502 -555 -609 -554 -610 -667 -725 -784 -844 -905 -967 -904 -840 -775 -841 -774
21 59 60 58 55 59 64 58 65 73 82 92 81 93 106 120 105 89 106 88 107 127
111 -343 -344 -342 -345 -341 -346 -352 -345 -337 -328 -318 -307 -295 -282 -268 -283 -299 -282 -264 -245 -265 -286 -308 -285 -309 -284 -258 -285 -313 -342 -312 -343 -375 -408 -374 -339 -303 -266 -304 -343 -383 -424 -382 -425 -381 -336 -382 -335 -383 -334 -384 -435 -383 -330 -384 -439 -495 -552 -610 -669 -609 -670 -608 -545 -481 -416 -350 -417 -485 -554 -624 -695 -767 -840 -766 -691 -615 -692 -770 -849 -929 -848 -930 -847 -763 -678 -592 -679 -767 -678 -768 -677 -585 -492 -586 -681 -777 -874 -972 -873 -773 -672 -774 -671 -775 -880 -774 -881 -773 -882 -772
6 -412 -411 -413 -410 -414 -419
18 245 244 242 245 241 246 240 233 225 216 206 195 207 220 234 219 235 218
145 -816 -303 -489 -880 756 652 -483 209 -797 839 330 531 459 -709 816 266 -318 827 -957 135 807 3 -66 -467 -297 964 -724 624 736 783 570 -265 -735 -956 748 638 -653 -618 503 302 -806 -813 -664 361 156 194 886 742 524 410 -79 417 378 -25 446 -954 -308 33 -262 -996 542 -434 -61 830 726 124 98 -328 818 445 -19 142 417 -272 722 -67 48 -397 325 -669 112 682 675 58 623 808 -338 -244 762 236 859 528 263 889 328 -983 488 312 819 -52 -992 316 -628 404 430 636 826 422 -375 306 690 915 585 18 -328 -850 232 -959 -197 -405 102 508 327 974 -447 -723 -758 941 -162 -201 -450 30 -90 -405 -375 -277 270 -414 629 -139 -273 -312 -172 883 -933
118 -388 -387 -389 -386 -382 -377 -383 -390 -382 -373 -363 -374 -362 -349 -363 -348 -332 -315 -297 -316 -296 -317 -295 -272 -296 -321 -347 -374 -346 -317 -347 -316 -284 -317 -351 -386 -350 -313 -351 -390 -430 -389 -431 -388 -344 -299 -253 -206 -254 -303 -253 -202 -254 -307 -253 -308 -364 -307 -365 -306 -246 -307 -245 -308 -244 -179 -113 -46 22 -47 23 -48 -120 -193 -119 -44 -120 -43 -121 -200 -280 -199 -281 -364 -280 -365 -279 -366 -278 -189 -99 -190 -282 -375 -281 -376 -472 -569 -667 -766 -666 -565 -463 -566 -462 -357 -463 -570 -462 -353 -243 -354 -466 -353 -467 -352 -236 -119
